Left:
('D = ', [-0.3735867066484143, 0.11015047121725703, -0.0023560609460938887, -0.002103518951020807, 0.0])
('K = ', [468.0282314268775, 0.0, 370.7408622606142, 0.0, 468.4484301948457, 240.0650817308022, 0.0, 0.0, 1.0])
('R = ', [0.9993118637321305, 0.002591762018913935, 0.03700110503556919, -0.002842789342860875, 0.9999732901108006, 0.006733321151763062, -0.036982665574131136, -0.006833874056344521, 0.9992925400564212])
('P = ', [438.63323794056186, 0.0, 358.9211120605469, 0.0, 0.0, 438.63323794056186, 228.82730674743652, 0.0, 0.0, 0.0, 1.0, 0.0])

Right:
('D = ', [-0.41454755173801366, 0.1658120462204224, -0.0013815279118455656, 0.00121351619546537, 0.0])
('K = ', [464.9865907199323, 0.0, 389.64802014823647, 0.0, 464.68595285216486, 215.6785670422401, 0.0, 0.0, 1.0])
('R = ', [0.9998003645158469, 0.005391893911972141, 0.019239506075313093, -0.005261227754176801, 0.9999627955129291, -0.006835720334144061, -0.019275647758211674, 0.006733132258465519, 0.9997915354380089])
('P = ', [438.63323794056186, 0.0, 358.9211120605469, -44.19314547290162, 0.0, 438.63323794056186, 228.82730674743652, 0.0, 0.0, 0.0, 1.0, 0.0])
('self.T ', [-0.10073181676874242, -0.0005432437203003971, -0.001938417377591282])
('self.R ', [0.9998401870213508, -0.002538115266984172, 0.017696281756395402, 0.0022964907972962668, 0.9999040477454494, 0.013660945512080115, -0.017729256812629355, -0.01361812296748675, 0.9997500788595689])
None
# oST version 5.0 parameters


[image]

width
752

height
480

[narrow_stereo/left]

camera matrix
468.028231 0.000000 370.740862
0.000000 468.448430 240.065082
0.000000 0.000000 1.000000

distortion
-0.373587 0.110150 -0.002356 -0.002104 0.000000

rectification
0.999312 0.002592 0.037001
-0.002843 0.999973 0.006733
-0.036983 -0.006834 0.999293

projection
438.633238 0.000000 358.921112 0.000000
0.000000 438.633238 228.827307 0.000000
0.000000 0.000000 1.000000 0.000000

# oST version 5.0 parameters


[image]

width
752

height
480

[narrow_stereo/right]

camera matrix
464.986591 0.000000 389.648020
0.000000 464.685953 215.678567
0.000000 0.000000 1.000000

distortion
-0.414548 0.165812 -0.001382 0.001214 0.000000

rectification
0.999800 0.005392 0.019240
-0.005261 0.999963 -0.006836
-0.019276 0.006733 0.999792

projection
438.633238 0.000000 358.921112 -44.193145
0.000000 438.633238 228.827307 0.000000
0.000000 0.000000 1.000000 0.000000

